4.778
4.766
4.392
3.84
3.222
3.16
3.492
3.48
3.41
3.628
3.968
3.978
4.128
4.382
4.06
4.044
4.2
4.258
4.19
4.11
4.144
4.07
3.988
4.184
4.39
4.252
4.09
3.918
3.92
3.806
3.58
3.52
3.664
3.756
3.83
3.754
3.758
3.82
4.026
3.84
3.98
3.95
3.94
3.974
3.896
4.09
4.212
4.21
4.108
4.18
4.142
4.034
4.144
4.224
4.396
4.188
4.046
4.211
4.154
3.974
3.912
4.02
4.106
4.28
4.396
4.081
4.12
4.198
4.224
4.092
4.086
4.086
4.048
4.048
4.108
4.15
4.108
4.046
4.01
4.13
4.15
4.144
4.17
4.272
4.2
4.238
4.368
4.282
4.25
4.354
4.98
4.888
4.996
4.926
5.872
5.607
5.968
6.16
5.934
5.898
5.978
6.198
6.68
6.914
7.094
7.064
6.866
7.066
6.87
6.47
6.298
6.062
6.312
6.474
6.41
6.304
6.11
5.706
5.92
6.162
6.272
6.34
6.452
6.526
6.018
5.1098
5.282
5.546
5.3
5.326
5.324
5.334
5.366
5.576
5.648
5.69
5.392
5.392
5.244
5.15
5.128
4.806
4.524
4.608
4.898
4.936
4.95
4.984
4.802
4.82
4.782
4.788
4.726
4.692
4.614
4.898
4.642
4.643
4.65
4.616
4.568
4.946
4.72
4.636
4.374
4.366
4.506
4.722
4.778
4.788
4.804
4.872
4.99
4.988
4.932
4.944
4.802
4.814
4.65
4.59
4.564
4.562
4.592
4.546
4.438
4.442
4.466
4.55
4.65
4.784
4.742
5.55
5.332
5.166
5.34
5.298
5.448
5.298
5.054
4.93
4.986
5.028
5.116
5.006
5.032
5.15
5.348
5.278
5.386
5.416
5.532
5.52
5.49
5.374
5.338
5.288
5.424
5.582
5.666
5.414
5.534
5.51
5.32
5.192
5.27
5.64
5.594
5.364
5.344
5.796
5.896
5.91
6.028
5.7034
5.752
6.026
5.74
5.674
5.424
5.524
5.572
5.686
5.72
5.464
5.3
5.3
5.202
5.506
5.442
5.542
5.513
5.492
5.622
5.658
5.826
5.804
5.828
5.792
5.946
5.762
5.67
5.634
5.728
5.522
5.516
5.446
5.578
5.738
5.74
5.858
5.698
5.6
5.528
5.634
5.634
5.754
5.468
5.44
4.95
4.848
4.728
5.012
4.764
5.06
5.262
5.246
5.22
5.166
4.852
4.46
4.39
4.592
4.774
4.622
4.746
4.942
4.926
4.948
4.8
4.614
4.588
4.768
4.722
4.594
4.576
4.816
4.868
4.964
5.16
5.154
5.202
5.17
5.126
5.276
5.104
5.238
4.918
4.824
4.878
4.746
4.732
5.074
5.392
5.398
5.576
5.522
5.56
5.588
5.61
5.484
5.668
5.514
5.468
5.606
5.71
5.65
5.596
5.752
5.974
5.874
5.776
5.742
6.492
6.462
6.254
6.368
6.176
6.266
6.728
6.644
6.786
6.988
6.736
6.52
6.352
6.414
6.29
6.332
6.512
6.35
6.548
6.52
6.66
6.884
6.974
6.838
6.178
6.208
6.082
5.89
5.706
5.724
5.6
5.55
5.58
5.514
5.554
5.58
5.714
5.702
5.746
5.712
5.616
5.542
5.424
5.382
5.45
5.524
5.646
5.65
4.558
5.32
5.362
5.352
5.32
5.354
5.484
5.594
5.788
5.866
5.914
5.814
5.916
6.05
6.23
6.36
6.32
6.386
6.516
6.22
6.298
6.634
6.72
6.836
6.994
6.9
6.844
6.906
6.75
6.724
6.762
6.682
6.882
6.808
6.754
6.622
6.624
6.614
6.948
7.202
7.218
7.058
7
7.064
6.996
6.992
7.03
6.88
6.816
7.48
7.588
7.57
7.466
7.448
7.316
7.602
7
6.896
6.63
6.492
6.618
6.688
6.718
6.45
6.448
6.532
6.632
6.632
6.388
6.364
6.582
6.698
6.668
6.626
6.756
6.788
6.492
6.366
6.494
6.038
6.012
6.592
6.45
6.012
5.886
5.836
5.714
5.512
5.754
6.158
6.204
6.064
5.962
6.338
6.082
5.9
5.63
5.576
5.582
5.844
5.786
6.016
5.824
5.932
5.954
5.878
5.982
6.368
6.418
6.756
6.438
6.757
6.622
6.322
6.392
6.282
6.258
6.08
6.132
6.246
6.198
6.298
6.254
6.302
6.54
6.85
7.192
6.67
6.43
6.454
6.358
6.132
5.968
5.79
5.626
5.902
5.47
5.484
5.25
5.22
5.454
5.654
6.05
5.818
5.882
5.988
6.234
5.884
5.88
6.06
6.002
5.902
5.822
5.99
6.146
5.9
5.664
5.738
5.682
5.682
5.704
5.628
5.588
5.71
5.87
5.474
5.56
5.656
5.896
6.078
6.508
6.268
6.21
6.18
6.004
6.132
5.532
5.508
5.698
5.856
5.832
5.96
5.86
5.88
5.778
5.85
5.674
5.68
5.664
5.528
5.466
5.612
5.76382
5.608
5.548
5.57
5.678
5.484
5.504
5.476
5.62628
5.84908
5.78364
6.3
6.23
6.308
6.262
6.064
6.214
6.32286
6.276
6.164
6.36798
6.584
6.6
6.494
6.426
6.454
6.43
6.646
6.738
6.764
6.924
6.78
6.742
6.78
6.834
6.914
7.056
7.052
6.722
6.762
6.88
6.918
6.922
6.886
6.8
6.856
6.718
6.738
6.644
6.774
7.072
6.954
6.88
6.868
6.736
6.728
6.706
6.582
6.652
6.78
6.82
6.876
6.904
7.038
7.2
7.398
7.396
7.606
7.59
7.504
7.502
7.66
7.548
7.626
7.834
7.896
7.848
7.684
7.578
7.69
7.66
7.408
7.856
7.708
7.032
7.222
6.876
6.886
7.02
6.966
6.93
7.116
7.33
7.538
7.646
7.694
7.82
7.824
7.796
7.37
7.058
7.03
7.016
7.19
7.202
7.324
7.506
7.572
7.632
7.578
8.786
8.868
8.22
8.402
8.274
8.366
8.1
8.372
8.718
8.75
8.66
9.118
9.09
9.394
9.566
10.038
10.202
10.086
10.4
10.24
10.988
10.798
10.656
10.822
10.91
11.9
11.102
11.1573
13.88
15.3528
17.56
16.648
16.9684
18.4496
18.3
17.988
17.518
17.448
18.546
19.416
22.0668
20.9258
20.99
19.552
18.518
18.968
19.074
19.47
20.408
20.01
18.894
19.546
19.636
20.06
20.44
20.678
20.936
20.13
19.91
20.298
20.48
21.144
21.85
21.472
23.4358
23.564
23.048
24.018
24.322
24.69
24.454
25.122
25.98
25.452
21.81
24.05
23.806
23.936
24.486
24.548
24.34
24.814
25.878
26.924
26.348
26.856
27.11
27.6
28.936
28.43
26.846
30.696
30.6
29.476
29.086
27.872
27.934
28.4
28.98
29.916
29.572
31.42
32.3678
32.844
33.402
33.29
33.212
33.8
33.788
34.1244
33.986
33.394
32.14
33.274
32.704
32.986
33.108
33.316
33.246
33.2436
35.584
36.678
36.222
36.466
37.0476
37.728
38.18
38.674
38.6
36.19
34.662
36.196
36.614
34.946
33.756
34.586
35.74
35.944
36.788
36.712
36.5604
36.68
34.52
34.308
32.9
34.63
33.932
32.572
32.894
31.844
31.988
32.434
35.04
35.362
30.232
27.9544
27.59
28.9396
27.56
27.74
27.52
27.09
24.316
25.218
24.222
24.42
24.276
24.168
24.1
25.388
25.456
24.834
28.94
27.79
28.096
27.472
28.32
28.438
27.93
29.494
29.5308
29.588
30.492
29.596
28.144
28.648
28.71
30.282
31.1
30.224
30.488
30.0858
30.02
29.912
29.4
29.872
30.256
29.506
29.14398
27.868
32.254
32.826
34.194
34.002
35.336
35.712
36.3
34.92
33.924
35.676
35.046
36.568
36.282
35.422
35.746
34.884
35.676
37.306
39.312
39.324
39.064
39.926
39.646
40.74
38.728
41.994
41.92
43.53
49.6
50.6
50.508
48.962
50.112
50.968
50.532
50.588
49.242
47.768
46.882
48.298
47.558
46.194
46.796
48.008
47.168
46.982
45.778
44.034
44.088
42.592
41.464
42.474
41.69
43.394
46.058
45.08
42.445
41.504
43.092
43.386
40.838
40.756
39.618
38.782
39.822
39.624
40.876
43.728
41.598
41.572
39.97
39.702
41.384
41.578
41.546
42.182
43.322
41.456
40.27
35.718
36.452
36.934
38.032
38.124
37.718
38.312
39.218
39.06
39.89
40.976
41.46
42.312
42.048
42.048
41.554
40.94
40.988
40.798
41.38
41.6342
41.062
40.46
40.894
40.704
41.284
44.922
46.334
45.424
45.558
45.918
47.444
46.5
47.3782
47.12
47.812
48.012
47.944
45.885
45.85
44.532
43.814
44.612
43.892
43.626
45.34
43.916
43.432
43.08
44.00402
44.108
43.916
44.498
44.708
44.714
44.964
45.002
45.784
44.66
46.654
47.704
47.698
49.78602
50.478
49.626
51.864
51.992
52.062
52.276
52.402
51.988
51.352
51.142
50.868
51.356
52.51
52.348
52.65
52.772
53.94
56.824
56.238
57.208
55.478
56.422
55.696
56.22
56.062
55.84
50.772
52.148
52.276
52.764
51.864
50.006
50.082
50.428
49.39
49.32
49.052
48.536
48.048
50.284
51.042
52.124
51.914
51.856
51.402
47.382
44.918
45.412
45.94
45.27
45.496
46.094
47.068
46.22
47.058
47.048
44.334
48.554
47.62
47.732
48.34
48.518
47.786
46.194
48.244
48.04
48.386
50.216
49.82
50.34
51.736
50.796
51.54
49.548
49.742
48.556
49.344
49.618
49.688
48.904
46.328
46.286
45.86
45.656
44.742
42.872
43.378
41.968
41.776
41.4
40.808
39.562
41.164
43.652
43.858
44.52
44.194
44.452
45.564
45.142
44.446
44.482
43.862
42.018
42.256
42.19
42.123
41.332
40.442
40.85
38.538
38.374
38.614
38.386
39.314
40.324
40.258
41.31
41.196
39.874
41.04
40.72
42.188
43.672
43.71
44.198
43.472
43.496
43.258
42.56
40.576
40.754
40.87
40.892
42.341
43.422
41.467
40.822
40.752
41.438
40.668
39.465
39.912
40.487
40.126
38.776
38.176
38.064
38.748
38.214
37.736
39.14
38.946
40.142
39.13
39.616
39.926
40.344
38.86
38.081
37
38.114
37.754
37.518
38.2
40.62
40.65
41.534
42.018
42.18
41.956
41.492
41.566
41.34
41.358
41.054
41.882
43.888
43.72
43.685
46.31
46.096
46.49
45.21
45.206
46.102
46.59
46.086
47.36
47.322
47.898
48.948
48.636
48.82
49.768
49.75
49.428
48.87
49.124
49.546
49.491
49.486
50.29
50.16
49.89
49.67
49.798
49.184
49.828
51.258
51.2
50.14
50.282
50.138
50.076
50.624
52.082
52.378
52.502
51.958
53.534
53.034
53.758
53.418
52.404
53.652
53.83
56.004
55.944
53.576
50.992
51.584
51.83
52.432
53.13
52.628
53.336
54.932
56.452
53.354
53.574
53.44
53.082
50.602
52.964
52.764
53.358
53.23
51.998
53.256
54.026
49.226
48.502
48.228
47.474
47.634
48.502
48.63
50.998
52.144
51.05
48.436
46.154
43.774
44.006
44.968
48.598
49.696
49.812
47.726
49.538
49.114
48.386
49.634
49.782
49.696
50.048
50.638
50.714
52.45
52.414
52.124
52.84
52.188
52.212
52.624
51.382
49.686
49.33
49.68
47.976
49.514
49.23
48.292
46.392
45.344
44.138
43.116
43.85
43.376
44.262
45.402
45.62
42.606
42.018
42.344
41.818
43.052
42.07
42.592
42.326
41.386
42.758
41.67
46.326
46.354
46.472
45.066
43.3
43.816
42.588
41.438
42.862
42.8
44.214
44.36
44.002
43.55
43.65
45.928
46.322
46.052
47.438
46.398
46.542
46.076
46.226
45.344
44.904
45.414
43.404
43.716
44.218
46.902
46.678
46.092
46.512
45.99
45.94
46.114
45.79
47.438
47.618
48.002
44.682
44.686
43.808
43.13
42.2
41.57
41.994
40.062
41.236
40.998
40.944
39.74
39.994
40.51
39.276
38.712
37.614
37.94
38.24
39.388
36.556
34.696
35.066
32.52
29.598
29.65
28.734
30.094
30.208
31.034
33.736
33.354
33.316
35.548
35.442
35.8
37.486
38.068
38.386
37.27
37.668
39.148
40.208
41.058
40.52
41.744
41.036
41.5
43.03
43.668
44.386
45.276
46.548
47.664
46.848
44.516
45.55
46.052
46.026
45.378
45.954
47.518
49.398
51.094
53.084
51.44
50.014
49.984
49.564
50.906
50.372
50.902
50.776
49.474
49.994
49.658
50.75
50.364
50.748
50.294
49.542
48.152
48.36
46.464
44.512
42.306
42.986
41.784
41.738
41.792
41.456
41.522
41.658
40.932
42.234
43.042
44.056
43.244
43.582
43.916
45.024
44.608
44.646
43.912
43.792
43.798
44.136
46.468
47.104
45.872
43.758
43.574
42.992
43.54
43.586
43.094
43.94
43.922
39.332
39.28
38.63
39.71
40.358
42.038
42.456
43.3
42.796
42.888
43.188
43.356
44.956
44.93
44.506
44.306
44.08
45.25
45.052
45.672
44.1
44.454
46.002
45.902
45.698
46.122
46.958
46.002
45.44
45.158
46.122
46.006
45.232
45.816
45.13
44.982
45.122
45.118
44.722
44.648
44.702
45
44.586
44.968
44.524
44.192
43.998
43.04
42.268
42.402
40.154
39.556
40.566
40.342
39.472
38.894
39.66
39.21
39.282
40.084
41.08
41.268
40.928
41.044
41.286
41.49
41.798
41.162
41.254
40.14
40.806
42.74
42.282
41.692
40.2
39.322
40.19
40.02
40.302
40.048
39.302
38.792
39.82
40.712
39.82
40.018
40.552
40.468
40.448
40.802
39.994
39.546
38.158
37.604
37.484
38.112
38.642
38.988
38.012
37.07
37.712
36.29
36.754
36.786
37.732
37.004
36.904
38.234
38.628
39.33
39.224
37.914
37.88
36.376
36.294
37.36
37.17
38.63
38.458
38.436
38.486
39.63
39.738
39.516
40.498
40.546
41.758
41.54
41.69
42.668
43.906
43.948
42.936
42.738
43.398
45.398
45.35
45.802
46.256
45.974
45.946
45.918
47.55
47.116
47.672
48.752
48.946
49.784
50.922
50.894
50.502
50.59
50.126
50.386
49.848
50.31
50.266
51.554
51.496
52.416
53.84
53.846
56.12
56.196
55.952
53.79
54.446
55.478
54.702
51.198
51.4
49.246
49.998
50.004
50.096
50.314
50.242
49.718
49.374
48.98
48.738
49.234
51.6
51.146
52.41
52.3
52.384
50.136
51.002
50.956
52.632
54.044
55.49
55.476
55.584
55.66
59.704
60.74
59
59.74
60.508
62.478
61.742
59.368
60.8
60.288
60.05
61.104
60.502
61.12
61.606
62.758
62.034
61.726
62.814
64.566
63.778
62.204
59.092
61.67
61.438
64.252
65.044
64.62
64.962
63.176
63.402
61.222
62.612
62.166
62.07
60.772
62.044
63.366
65.028
67.02
68.202
68.074
67.97
69.464
70.57
71.93
74
71.464
71.802
75.19
76.132
75.068
74.28
73.96
74.448
75.28
76.522
76.69
75.498
72.474
74.248
72.15
72.322
70.524
65.418
61.766
62.644
63.21
65.444
65.904
64.682
65.556
63.914
65.648
65.052
65.984
65.68
68.504
67.92
68.77
66.892
67.014
64.694
63.914
65.178
69.418
71.382
71.034
73.044
72.706
71.08
71.543
72.76
72.466
72.582
70.384
69.492
67.572
68.27
70.554
70.586
69.61
69.132
69.472
70.636
71.18
71.08
69.918
68.906
70.122
68.68
72.738
72.55
73.246
75.528
75.962
77
75.02
74.782
73.296
70.218
68.998
69.05
68.194
67.92
68.22
68.306
69.628
71.002
71.066
71.376
68.588
71.118
70.92
71.136
71.114
70.12
71.15
71.93
70.362
69.02
67.404
67.468
65.168
65.234
64.174
64.016
66.306
64.216
59.852
61.218
60.556
61.21
60.878
60.598
60.598
63.08
61.74
62.26
62.5
63.01
61.748
63.562
62.52
63.11
63.362
63.51
61.508
61.77
61.306
61.04
60.74
62.652
62.248
63.026
65.782
68.206
67.806
67.578
68.69
67.774
66.22
65.796
66.332
65.04
63.458
62.328
63.072
62.27
64.106
63.45
62.924
63.316
67.282
66.738
66.96
67.59
67.244
68.012
69.432
68.914
70.004
70.312
70.558
69.178
67.528
68.57
69.906
69.164
70.862
69.85
68.75
66.626
66.794
69
63.046
62.084
63.146
64.732
64.462
66.814
67.098
66.954
66.66
69.234
70.41
71.484
70.198
68.612
66.186
67.024
66.67
65.64
66.46
65.82
65.434
69.102
68.368
65.326
65.12
64.27
62.712
62.11
63.306
61.82
60.308
60.836
55.836
51.556
53.226
50.496
53.506
57.388
61.144
59.86
57.932
60.94
60.186
58.816
60.068
58.242
57.538
58.67
60.016
58.048
56.674
56.692
56.138
57.096
58.816
58.78
59.984
60.23
56.89
58.818
60.554
60.394
61.37
61.004
60.212
58.394
56.836
57.296
56.908
55.364
56.898
55.002
55.814
55.57
55.77
56.752
58.344
56.946
58.364
59.348
58.226
63.9
63.218
63.532
66.42
68.554
68.956
71.544
71.634
74.166
70.51
72.444
69.502
66.726
66.602
68.4
68.9
69.986
68.59
67.014
62.172
61.832
61.78
63.702
64.494
63.792
63.342
63.774
62.02
64.538
64.77
64.046
62.716
60.64
59.486
61.748
61.33
59.436
58.034
59.628
60.168
69.908
69.634
68.398
75.914
74.068
70.49
71.098
71.282
69.528
67.738
67.09
61.1
61.688
64.38
64.328
64.02
64.564
63.854
62.372
61.002
60.63
60.332
57.79
56.148
56.19
52.648
57.1
55.888
58.108
57.892
59.04
58.968
56.992
59.804
59.666
59.82
59.936
60.198
61.916
61.504
52.954
62.14
60.204
58.96
56.366
52.39
50.112
52.56
51.376
50.446
51.756
51.918
55.318
54.356
52.782
52
52.19
58.828
57.7
62.972
66.18
66.97
65.98
67.464
68.856
69.282
68.28
68.212
69.632
70.28
70.102
66.256
67.746
68.8
69.688
70.862
70.694
69.498
67.638
65.166
69.2
68.784
69.574
68.234
70.096
71.698
71.94
72.612
71.594
73.03
73.352
73.32
75.358
73.142
69.684
67.406
66.594
63.076
63.954
59.078
65.218
63.226
66.774
66.56
62.024
60.072
63.538
66.992
67.07
67.706
68.994
69.452
66.88
68.886
69.21
69.462
60.452
59.784
57.518
58.302
59.408
59.276
59.492
61.754
61.404
62.442
62.578
64.27
63.444
61.502
61.16
62.568
62.362
61.634
60.754
61.576
61.128
60.512
58.246
58.942
59.754
59.572
62.948
63.976
58.958
57.072
55.308
55.248
55.318
56.828
58.184
56.672
57.792
57.992
55.086
53.898
53.494
54.72
54.804
52.906
52.084
53.554
54.966
55.724
55.972
57.836
57.176
58.362
53.556
54.992
54.64
54.462
55.212
53.684
53.54
53.276
54.672
54.246
54.652
52.55
52.78
51.732
49.526
47.028
48.294
47.738
46.802
48.82
51.006
51.068
49.412
48.968
48.396
47.904
45.402
46.462
46.39
45.666
42.206
41.072
41.016
38.546
39.098
38.126
37.74
37.972
37.644
37.032
35.794
38.72
39.318
41.19
40.9
42.576
43.42
41.852
42.782
42.984
45.006
44.948
45.286
43.924
44.372
44.728
43.952
43.854
44.568
44.692
45.434
44.91
46.98
46.62
46.068
46.012
47.784
47.72
49.016
50.7
50.476
50.972
50.708
51.636
51.136
52.034
52.976
45.764
45.608
47.154
48.452
48.322
46.77
46.868
45.664
46.15
46.684
47.66
47.002
45.802
47
43.924
43.128
43.988
45.366
45.172
44.166
44.43
42.28
43
42.816
43.118
44.342
45.122
45.002
44.136
45.916
45.49
46.358
47.108
49.42
49.174
49.04
48.562
48.958
48.698
49.32
48.124
48.246
44.642
45.74
48.512
48.426
48.174
48.938
48.626
46.606
46.286
47.544
48.01
48.906
48.948
49.578
51.392
51.578
51.95
52.394
51.39
50.7
51.116
50.936
59.936
65.626
65.542
63.244
63.002
62.984
62.662
63.494
63.444
65.316
67.108
67.428
69.018
69.986
69.222
69.87
70.434
69.998
71.904
70.444
70.966
66.608
67.268
65.784
66.258
65.988
66.974
67.24
66.606
66.074
67.178
67.906
69.768
70.54
71.936
71.678
76.3
75.798
78.63
80.808
81.118
83.844
85.05
86.188
86.076
82.94
83.666
86.052
88.602
90.308
93.812
98.428
96.268
95.63
104.972
107.584
103.7
102.698
102.1
109.44
113.912
114.44
112.964
111.604
113.38
116.198
128.162
130.114
156
177.412
146.94
149.792
149.614
154.256
154.876
153.458
160.8
160.006
171.68
183.484
179.882
180.2
166.758
159.982
155.76
135.8
133.598
148.724
149.102
149.9
144.908
140.696
121.6
129.066
126.846
112.11
109.324
89.014
86.04
72.244
85.528
85.506
86.858
101
107.85
105.632
102.872
100.426
104.8
96.312
90.894
96.002
103.248
109.09
109.768
114.6
130.19
141.978
145.966
149.042
150.778
149.272
137.344
146.422
141.126
145.03
159.75
153.824
160.102
156.376
140.264
152.238
153.642
156.516
156.008
163.884
162.258
161.882
158.192
160.666
159.834
162.726
161.602
163.112
165.52
163.376
163.774
164.046
161.162
167
179.62
176.312
176.592
172.876
177.132
189.984
188.134
205.01
194.568
187.056
198.18
196.426
198.358
200.792
200.18
198.864
200.356
192.17
197.196
191.948
201.87
215.962
223.926
241.732
274.316
277.972
273.176
278.856
308.93
299.412
303.36
309.202
300.128
300.168
328.6
313.672
318.466
302.614
283.4
307.92
295.298
299.822
297.498
286.152
297
297.4
297.004
297.916
290.542
283.714
274.878
310.952
324.2
330.142
367.128
377.418
375.706
400.366
409.996
402.84
404.668
430.634
447.75
442.68
498.32
475.05
447.37
407
418.32
330.21
366.28
371.34
372.72
419.62
449.76
441.76
423.43
442.15
449.39
424.23
380.36
387.79
407.34
421.2
419.07
429.01
448.16
415.09
425.68
413.98
425.3
425.92
434
442.3
446.65
461.3
448.88
439.67
430.83
421.94
422.64
425.79
420.63
420.28
424.68
406.02
410.83
388.04
400.51
423.9
420.98
438.09
429.95
421.26
410.36
417.13
411.76
408.5
408.09
441.61
486.64
499.27
489.61
521.85
555.38
574
585.76
567.6
584.76
568.82
593.38
599.04
641.76
649.88
604.48
627.07
609.99
639.83
633.25
622.77
655.9
695
649.86
640.34
645.98
661.77
663.69
665.99
694.78
705.67
729.77
735.11
755.98
816.04
880.02
811.19
849.44
854.41
845
826.16
844.55
850.45
844.99
846.64
880.8
883.09
864.16
835.43
793.53
839.81
872.79
854.69
849.99
852.23
863.42
849.46
804.82
811.66
816.12
796.22
798.15
787.38
781.3
714.5
698.84
742.02
682.22
675.5
718.43
686.44
653.2
621.44
597.95
563
673.58
668.06
699.6
693.73
707.94
676.88
701.81
653.16
654.87
670
662.16
630.27
640.39
618.71
611.29
635.62
667.93
661.75
691.05
691.62
670.97
683.8
677.02
701.98
762.32
732.23
738.85
739.78
714.63
718.99
744.12
719.69
729.4
738.2
704.74
694.4
677
709.44
684.9
673.6
670.94
663.54
672.37
629.04
617.2
589.89
571.69
589.74
576.83
577.87
563.46
586.78
580.88
606.44
604.69
619.13
630.85
625.22
623.9
605.12
572.84
599.05
605.13
603.59
598.78
610.12
609.89
617.69
599.36
604.87
616.6
623.31
620.83
623.71
656.57
679.82
671.87
688.72
680.76
679.7
677.92
678.9
659.58
644.65
652.81
656.95
685.7
668.54
653.38
650.6
644.22
646.22
660.5
655.29
649.26
643.38
657.62
644.78
646.98
677.35
687.2
709.67
709.74
710.92
714.63
699.1
713.76
709.99
707.82
722.25
717.17
686.17
665.71
688.99
673.47
680.26
706.3
708.49
711.2
701.16
711.92
730.91
735.72
734.09
732.39
733.57
752.92
753.87
754.86
736.27
743
744.49
755.83
756.99
759.49
730.17
739.38
751.94
753.64
774.39
791.36
777.56
781.31
775.48
775.22
781.53
780.59
782.75
793.61
785.49
791.94
805.72
811.08
818.32
843.03
870.11
864.27
865.8
894
909.68
1024.86
1018.43
1037.86
1077.04
1114
1208.59
1172
1213.86
1229.91
1222.09
1162.94
1023.5
1067.95
1063.51
1033.42
1013.39
1054.73
1089.01
1096.38
1137.06
1156.87
1109.03
1116
1081.92
1136.99
1144.76
1095
1084.6
1014.97
